comuna;Calidad Satisfactoria;Calidad Basica;Calidad Insuficiente
1;49;41.4;9.7
2;58.4;32.4;9.3
3;52;40.1;8
4;60.9;30.4;8.7
5;59.1;33.5;7.4
6;66.3;26.8;6.9
7;66.2;26.2;7.5
8;72.6;18.3;9.1
9;69.6;23.1;7.3
10;70;23.7;6.2
11;71.4;22.6;6
12;70;23.5;6.5
13;66.2;26.5;7.3
14;60.9;30.6;8.5
15;63.9;28.1;8
total ciudad;63.3;29;7.8
